Test cases for Homework 6

------------PROBLEM 1---------------
---- TEST 1 -----
(ram-read 4 ram-ex1)
Your output is correct: (0 0 0 0 0 0 0 0 0 0 1 0 1 0 1 0)

------------PROBLEM 2---------------
---- TEST 1 -----
(bits->int (quote (1 1 1 1 0 1 0 1 0 0 0 1)))
Your output is correct: 3921

---- TEST 2 -----
(bits->int (quote (int->bits 583)))
Your output is correct: (1 0 0 1 0 0 0 1 1 1)

------------PROBLEM 3---------------
---- TEST 1 -----
(cadr (config-cpu (incr-pc 5 config2)))
Your output is correct: (pc (0 0 0 0 0 0 0 0 1 1 0 1))

---- TEST 2 -----
(cadr (config-cpu (incr-pc 5000 config2)))
Your output is correct: (pc (0 0 1 1 1 0 0 1 0 0 0 0))

------------PROBLEM 4---------------
---- TEST 1 -----
(config-cpu (add 3 config3))
Your output is correct: ((acc (0 0 0 0 0 0 0 0 0 0 0 0 1 1 1 1)) (pc (0 0 0 0 0 0 0 0 0 1 1 1)) (run-flag (1)) (aeb (0)))

---- TEST 2 -----
(config-cpu (sub 4 config4))
Your output is correct: ((acc (0 1 1 1 1 1 1 1 0 0 0 0 0 0 0 0)) (pc (0 0 0 0 0 0 0 0 0 0 0 0)) (run-flag (1)) (aeb (0)))

------------PROBLEM 5---------------
---- TEST 1 -----
(output config5)
Your output is wrong: (output config5)

Comment: The first line of the answer should be 'output = -15'

------------PROBLEM 6---------------
---- TEST 1 -----
(config-cpu (jump 15 config1))
Your output is correct: ((acc (0 0 0 0 0 0 0 0 0 0 0 0 1 1 1 1)) (pc (0 0 0 0 0 0 0 0 1 1 1 1)) (run-flag (1)) (aeb (0)))

---- TEST 2 -----
(config-cpu (jump 5000 config1))
Your output is correct: ((acc (0 0 0 0 0 0 0 0 0 0 0 0 1 1 1 1)) (pc (0 0 1 1 1 0 0 0 1 0 0 0)) (run-flag (1)) (aeb (0)))

---- TEST 3 -----
(config-cpu (skipzero (list (quote ((acc (1 0 0 0 0 0 0 0 0 0 0 0 0 0 0 0)) (pc (0 0 0 0 0 0 0 0 0 0 0 1)) (run-flag (0)) (aeb (1)))) ram-ex1)))
Your output is correct: ((acc (1 0 0 0 0 0 0 0 0 0 0 0 0 0 0 0)) (pc (0 0 0 0 0 0 0 0 0 0 1 1)) (run-flag (0)) (aeb (1)))

---- TEST 4 -----
(config-cpu (skippos config5))
Your output is correct: ((acc (1 0 0 0 0 0 0 0 0 0 0 0 1 1 1 1)) (pc (0 0 0 0 0 0 0 0 0 0 0 1)) (run-flag (1)) (aeb (0)))

------------PROBLEM 7---------------
---- TEST 1 -----
(loadi 1 config3)
Your output is correct: (((acc (0 0 0 0 0 0 0 0 0 0 0 0 0 0 1 1)) (pc (0 0 0 0 0 0 0 0 0 1 1 1)) (run-flag (1)) (aeb (0))) ((0 (0 0 0 0 0 0 0 0 0 0 0 0 0 1 0 0)) (1 (1 1 1 1 0 0 0 0 0 0 0 0 0 1 0 1)) (2 (0 0 0 0 0 0 0 0 0 0 0 0 0 0 0 0)) (3 (0 0 0 0 0 0 0 0 0 0 0 0 0 0 0 0)) (4 (0 0 0 0 0 0 0 0 0 0 0 0 0 0 1 0)) (5 (0 0 0 0 0 0 0 0 0 0 0 0 0 0 1 1))))

---- TEST 2 -----
(storei 0 config3)
Your output is correct: (((acc (0 0 0 0 0 0 0 0 0 0 0 0 1 1 1 1)) (pc (0 0 0 0 0 0 0 0 0 1 1 1)) (run-flag (1)) (aeb (0))) ((0 (0 0 0 0 0 0 0 0 0 0 0 0 0 1 0 0)) (1 (1 1 1 1 0 0 0 0 0 0 0 0 0 1 0 1)) (2 (0 0 0 0 0 0 0 0 0 0 0 0 0 0 0 0)) (3 (0 0 0 0 0 0 0 0 0 0 0 0 0 0 0 0)) (4 (0 0 0 0 0 0 0 0 0 0 0 0 1 1 1 1)) (5 (0 0 0 0 0 0 0 0 0 0 0 0 0 0 1 1))))

------------PROBLEM 8---------------
---- TEST 1 -----
(next-config config3)
Your output is correct: (((acc (0 0 0 0 0 0 0 0 0 0 0 0 1 1 1 1)) (pc (0 0 0 0 0 0 0 0 0 1 1 1)) (run-flag (0)) (aeb (0))) ((0 (0 0 0 0 0 0 0 0 0 0 0 0 0 1 0 0)) (1 (1 1 1 1 0 0 0 0 0 0 0 0 0 1 0 1)) (2 (0 0 0 0 0 0 0 0 0 0 0 0 0 0 0 0)) (3 (0 0 0 0 0 0 0 0 0 0 0 0 0 0 0 0)) (4 (0 0 0 0 0 0 0 0 0 0 0 0 0 0 1 0)) (5 (0 0 0 0 0 0 0 0 0 0 0 0 0 0 1 1))))

---- TEST 2 -----
(next-config config5)
Your output is correct: (((acc (0 0 0 0 0 0 0 0 0 0 1 0 1 0 1 0)) (pc (0 0 0 0 0 0 0 0 0 0 0 1)) (run-flag (1)) (aeb (0))) ((0 (0 0 0 1 0 0 0 0 0 0 0 0 0 1 0 0)) (1 (0 0 1 0 0 0 0 0 0 0 0 0 0 1 0 1)) (2 (0 0 0 0 0 0 0 0 0 0 0 0 0 0 0 0)) (3 (0 0 0 0 0 0 0 0 0 0 0 0 0 0 0 0)) (4 (0 0 0 0 0 0 0 0 0 0 1 0 1 0 1 0)) (5 (1 0 0 0 0 0 0 0 0 0 0 1 1 1 1 1))))

---- TEST 3 -----
(next-config (next-config config5))
Your output is correct: (((acc (0 0 0 0 0 0 0 0 0 0 1 0 1 0 1 0)) (pc (0 0 0 0 0 0 0 0 0 0 1 0)) (run-flag (1)) (aeb (0))) ((0 (0 0 0 1 0 0 0 0 0 0 0 0 0 1 0 0)) (1 (0 0 1 0 0 0 0 0 0 0 0 0 0 1 0 1)) (2 (0 0 0 0 0 0 0 0 0 0 0 0 0 0 0 0)) (3 (0 0 0 0 0 0 0 0 0 0 0 0 0 0 0 0)) (4 (0 0 0 0 0 0 0 0 0 0 1 0 1 0 1 0)) (5 (0 0 0 0 0 0 0 0 0 0 1 0 1 0 1 0))))

---- TEST 4 -----
(next-config (next-config (next-config config5)))
Your output is correct: (((acc (0 0 0 0 0 0 0 0 0 0 1 0 1 0 1 0)) (pc (0 0 0 0 0 0 0 0 0 0 1 0)) (run-flag (0)) (aeb (0))) ((0 (0 0 0 1 0 0 0 0 0 0 0 0 0 1 0 0)) (1 (0 0 1 0 0 0 0 0 0 0 0 0 0 1 0 1)) (2 (0 0 0 0 0 0 0 0 0 0 0 0 0 0 0 0)) (3 (0 0 0 0 0 0 0 0 0 0 0 0 0 0 0 0)) (4 (0 0 0 0 0 0 0 0 0 0 1 0 1 0 1 0)) (5 (0 0 0 0 0 0 0 0 0 0 1 0 1 0 1 0))))

---- TEST 5 -----
(next-config (next-config (next-config (next-config config5))))
Your output is correct: (((acc (0 0 0 0 0 0 0 0 0 0 1 0 1 0 1 0)) (pc (0 0 0 0 0 0 0 0 0 0 1 0)) (run-flag (0)) (aeb (0))) ((0 (0 0 0 1 0 0 0 0 0 0 0 0 0 1 0 0)) (1 (0 0 1 0 0 0 0 0 0 0 0 0 0 1 0 1)) (2 (0 0 0 0 0 0 0 0 0 0 0 0 0 0 0 0)) (3 (0 0 0 0 0 0 0 0 0 0 0 0 0 0 0 0)) (4 (0 0 0 0 0 0 0 0 0 0 1 0 1 0 1 0)) (5 (0 0 0 0 0 0 0 0 0 0 1 0 1 0 1 0))))

------------PROBLEM 9---------------
---- TEST 1 -----
(config-ram (salo (quote ((add 30) (sub 49) (input) (output) (jump 22) (skipzero) (skippos) (skiperr) (loadi 99) (storei 103)))))
Your output is correct: ((0 (0 0 1 1 0 0 0 0 0 0 0 1 1 1 1 0)) (1 (0 1 0 0 0 0 0 0 0 0 1 1 0 0 0 1)) (2 (0 1 0 1 0 0 0 0 0 0 0 0 0 0 0 0)) (3 (0 1 1 0 0 0 0 0 0 0 0 0 0 0 0 0)) (4 (0 1 1 1 0 0 0 0 0 0 0 1 0 1 1 0)) (5 (1 0 0 0 0 0 0 0 0 0 0 0 0 0 0 0)) (6 (1 0 0 1 0 0 0 0 0 0 0 0 0 0 0 0)) (7 (1 0 1 0 0 0 0 0 0 0 0 0 0 0 0 0)) (8 (1 0 1 1 0 0 0 0 0 1 1 0 0 0 1 1)) (9 (1 1 0 0 0 0 0 0 0 1 1 0 0 1 1 1)))

------------PROBLEM 10---------------
---- TEST 1 -----
(simulate 4 config3)
Your output is correct: ((((acc (0 0 0 0 0 0 0 0 0 0 0 0 1 1 1 1)) (pc (0 0 0 0 0 0 0 0 0 1 1 1)) (run-flag (1)) (aeb (0))) ((0 (0 0 0 0 0 0 0 0 0 0 0 0 0 1 0 0)) (1 (1 1 1 1 0 0 0 0 0 0 0 0 0 1 0 1)) (2 (0 0 0 0 0 0 0 0 0 0 0 0 0 0 0 0)) (3 (0 0 0 0 0 0 0 0 0 0 0 0 0 0 0 0)) (4 (0 0 0 0 0 0 0 0 0 0 0 0 0 0 1 0)) (5 (0 0 0 0 0 0 0 0 0 0 0 0 0 0 1 1)))) (((acc (0 0 0 0 0 0 0 0 0 0 0 0 1 1 1 1)) (pc (0 0 0 0 0 0 0 0 0 1 1 1)) (run-flag (0)) (aeb (0))) ((0 (0 0 0 0 0 0 0 0 0 0 0 0 0 1 0 0)) (1 (1 1 1 1 0 0 0 0 0 0 0 0 0 1 0 1)) (2 (0 0 0 0 0 0 0 0 0 0 0 0 0 0 0 0)) (3 (0 0 0 0 0 0 0 0 0 0 0 0 0 0 0 0)) (4 (0 0 0 0 0 0 0 0 0 0 0 0 0 0 1 0)) (5 (0 0 0 0 0 0 0 0 0 0 0 0 0 0 1 1)))))

---- TEST 2 -----
(simulate 4 config1)
Your output is correct: ((((acc (0 0 0 0 0 0 0 0 0 0 0 0 1 1 1 1)) (pc (0 0 0 0 0 0 0 0 0 1 1 1)) (run-flag (1)) (aeb (0))) ((0 (0 0 0 1 0 0 0 0 0 0 0 0 0 1 0 0)) (1 (0 0 1 0 0 0 0 0 0 0 0 0 0 1 0 1)) (2 (0 0 0 0 0 0 0 0 0 0 0 0 0 0 0 0)) (3 (0 0 0 0 0 0 0 0 0 0 0 0 0 0 0 0)) (4 (0 0 0 0 0 0 0 0 0 0 1 0 1 0 1 0)) (5 (1 0 0 0 0 0 0 0 0 0 0 1 1 1 1 1)))) (((acc (0 0 0 0 0 0 0 0 0 0 0 0 1 1 1 1)) (pc (0 0 0 0 0 0 0 0 0 1 1 1)) (run-flag (0)) (aeb (0))) ((0 (0 0 0 1 0 0 0 0 0 0 0 0 0 1 0 0)) (1 (0 0 1 0 0 0 0 0 0 0 0 0 0 1 0 1)) (2 (0 0 0 0 0 0 0 0 0 0 0 0 0 0 0 0)) (3 (0 0 0 0 0 0 0 0 0 0 0 0 0 0 0 0)) (4 (0 0 0 0 0 0 0 0 0 0 1 0 1 0 1 0)) (5 (1 0 0 0 0 0 0 0 0 0 0 1 1 1 1 1)))))

done